5.419527272727273726e+01
2.400418181818181651e+01
1.640045454545454717e+01
3.006290909090909125e+01
3.500263636363636266e+01
2.202445454545454950e+01
1.494800000000000217e+01
1.052834545454545712e+01
2.509045454545454490e+01
1.815827272727272756e+01
2.416190909090909145e+01
4.324645454545454015e+01
2.634154545454545016e+01
1.637272727272727124e+01
1.568427272727272559e+01
2.935754545454545550e+01
2.674927272727272864e+01
3.452572727272727349e+01
2.966854545454545189e+01
1.198773636363636541e+01
4.191754545454545422e+01
2.708636363636363598e+01
1.685172727272727400e+01
1.868918181818181878e+01
2.639790909090908499e+01
3.630872727272728184e+01
2.609563636363636618e+01
3.215954545454544444e+01
4.253599999999999426e+01
2.202100000000000080e+01
4.190781818181817897e+01
4.228972727272726928e+01
1.475709090909090904e+01
3.466954545454545666e+01
4.131863636363636516e+01
2.529236363636363549e+01
2.086681818181817860e+01
2.202318181818181841e+01
1.104928181818181798e+01
1.831027272727272148e+01
1.751581818181817951e+01
2.895245454545454322e+01
3.520199999999999818e+01
3.935381818181817692e+01
5.398745454545455402e+01
2.167999999999999972e+01
5.403981818181819108e+01
3.250745454545454294e+01
1.071107272727272708e+01
2.559609090909091123e+01
1.984718181818182003e+01
2.965018181818181731e+01
5.433145454545455522e+01
3.249418181818181495e+01
3.338672727272727769e+01
7.843490909090911067e+00
3.337136363636363257e+01
3.329736363636363450e+01
2.784172727272727244e+01
3.294881818181818289e+01
3.371863636363636374e+01
1.826536363636364158e+01
3.336390909090908963e+01
1.030155454545454496e+01
1.609763636363636152e+01
5.445381818181818545e+01
2.373436363636363566e+01
2.591872727272727772e+01
5.444154545454545513e+01
2.894090909090909136e+01
1.758754545454545948e+01
2.795072727272727420e+01
5.409118181818180915e+01
4.164445454545454339e+01
4.673409090909091645e+01
1.209899090909090802e+01
4.125381818181818261e+01
2.764372727272726848e+01
1.085399090909090880e+01
1.848736363636363222e+01
3.101500000000000057e+01
1.835981818181818070e+01
1.623745454545454336e+01
2.029681818181817832e+01
2.639127272727272455e+01
3.224172727272727457e+01
1.903927272727272779e+01
3.857409090909090565e+01
4.311045454545454447e+01
4.015754545454545621e+01
3.629590909090909179e+01
3.102090909090908610e+01
2.368136363636364194e+01
2.481272727272727252e+01
3.208099999999999596e+01
2.246072727272727221e+01
1.197590000000000110e+01
2.549054545454545462e+01
2.461654545454545939e+01
1.308824545454545429e+01
2.633181818181818556e+01
4.871372727272727587e+01
1.115033636363636305e+01
4.216090909090908667e+01
2.791309090909090074e+01
3.812827272727272998e+01
2.629972727272727440e+01
3.158927272727272850e+01
1.797472727272726800e+01
9.971009090909090489e+00
2.616918181818181566e+01
3.098800000000000310e+01
4.250809090909091026e+01
2.059909090909090779e+01
4.305009090909090474e+01
1.883563636363636462e+01
1.147939090909090964e+01
2.632736363636363564e+01
1.883494545454545488e+01
2.874481818181818582e+01
2.664745454545454706e+01
3.344509090909090787e+01
3.273381818181817948e+01
2.418854545454545502e+01
4.360427272727272907e+01
1.596009090909090666e+01
1.694345454545454643e+01
3.059545454545454746e+01
2.647854545454545061e+01
3.181290909090909125e+01
3.571481818181818113e+01
1.755399999999999849e+01
1.898472727272727667e+01
2.677563636363636590e+01
2.542918181818181722e+01
2.919627272727272782e+01
4.965418181818181154e+01
2.334663636363636385e+01
3.098154545454545783e+01
2.505663636363636115e+01
1.173994545454545069e+01
2.262018181818181617e+01
2.322890909090909162e+01
3.022299999999999898e+01
4.270890909090908849e+01
4.112718181818181762e+01
3.073809090909090713e+01
2.275209090909091003e+01
1.997727272727272663e+01
2.495827272727272828e+01
3.560136363636362944e+01
3.363045454545454049e+01
1.842863636363636104e+01
2.782972727272727198e+01
2.601654545454545442e+01
2.607209090909091032e+01
4.045709090909090122e+01
2.619499999999999673e+01
3.288127272727272299e+01
1.871063636363636817e+01
3.733018181818182057e+01
5.415181818181817874e+01
3.191772727272727650e+01
2.500499999999999545e+01
2.588745454545454905e+01
1.747427272727272651e+01
3.066727272727273146e+01
3.310509090909091157e+01
4.281690909090909258e+01
3.022090909090909250e+01
3.110909090909090935e+01
3.227072727272727093e+01
4.234263636363636607e+01
3.247372727272727388e+01
1.287463636363636432e+01
1.543572727272727363e+01
2.653245454545454862e+01
1.050807272727272768e+01
4.197909090909091390e+01
3.011918181818181495e+01
2.838736363636363436e+01
3.074063636363636931e+01
1.349688181818181754e+01
1.196593636363636470e+01
1.761281818181818082e+01
2.384318181818181515e+01
3.707936363636363808e+01
2.377218181818181719e+01
2.639018181818181930e+01
2.403445454545454751e+01
3.472590909090909861e+01
1.640827272727272756e+01
4.121299999999999386e+01
2.493218181818182089e+01
2.313581818181818051e+01
3.201336363636363558e+01
1.783672727272727343e+01
3.113409090909091148e+01
3.334372727272727843e+01
1.691918181818181921e+01
2.498472727272727312e+01
3.025063636363637087e+01
9.715427272727271912e+00
2.603463636363636624e+01
2.495081818181818178e+01
4.118836363636363984e+01
4.135609090909090213e+01
2.235809090909091168e+01
2.484900000000000020e+01
2.575927272727272666e+01
2.114318181818181941e+01
3.381881818181818744e+01
5.421118181818181370e+01
3.960218181818181904e+01
2.976563636363636434e+01
4.084163636363636130e+01
4.168572727272727008e+01
1.892854545454545345e+01
2.481490909090909014e+01
2.539518181818182185e+01
2.991081818181818264e+01
1.229539090909091037e+01
2.589572727272727448e+01
1.929018181818181787e+01
3.816499999999999915e+01
1.678472727272727383e+01
1.970800000000000196e+01
2.043043636363636750e+01
1.984490909090908772e+01
2.473136363636363200e+01
4.420463636363636084e+01
3.298236363636363677e+01
3.258190909090909315e+01
3.227872727272727360e+01
4.281372727272727019e+01
2.589536363636362992e+01
2.485936363636363566e+01
1.945118181818181924e+01
3.439427272727272822e+01
2.309818181818181770e+01
1.928890909090909034e+01
2.546163636363636229e+01
2.295245454545454322e+01
1.775391818181818238e+01
3.669027272727272759e+01
3.874345454545454714e+01
1.265262727272727261e+01
2.563345454545454771e+01
3.129118181818181554e+01
2.535390909090909517e+01
4.250399999999999778e+01
3.389272727272727792e+01
2.476172727272727414e+01
2.531918181818182134e+01
2.230218181818181833e+01
3.459163636363636130e+01
1.484572727272727199e+01
3.120354545454545203e+01
1.598300000000000232e+01
2.554418181818181566e+01
3.280899999999999750e+01
2.614890909090908977e+01
3.164827272727272955e+01
2.505981818181818355e+01
1.701954545454545098e+01
1.190663636363636435e+01
1.527581818181818285e+01
1.057764545454545413e+01
1.585799999999999876e+01
1.269807272727272718e+01
9.709854545454545516e+00
2.632218181818181790e+01
2.008118181818181824e+01
5.453390909090909844e+01
3.602672727272727826e+01
2.243218181818182089e+01
3.082381818181818289e+01
2.657572727272727064e+01
3.569254545454545280e+01
2.558336363636363942e+01
2.380372727272727218e+01
2.563445454545454538e+01
4.068654545454545968e+01
4.064272727272726371e+01
3.649081818181818448e+01
1.732763636363636195e+01
2.725345454545454515e+01
3.259899999999999665e+01
5.378154545454545143e+01
3.207427272727272083e+01
4.319599999999999795e+01
2.533827272727272728e+01
2.538699999999999690e+01
9.877636363636362660e+00
1.165130909090909128e+01
1.521909090909090878e+01
3.816254545454545877e+01
1.439661818181818198e+01
3.142500000000000071e+01
1.878012727272727389e+01
1.218572727272727363e+01
1.890681818181818130e+01
2.621645454545454257e+01
1.573945454545454403e+01
4.292254545454545678e+01
2.318736363636363862e+01
2.404063636363636292e+01
4.175763636363635811e+01
2.657772727272727309e+01
1.674418181818182205e+01
3.387763636363636266e+01
3.993445454545454254e+01
4.985845454545454203e+01
4.361345454545453748e+01
5.388763636363635356e+01
2.582290909090908926e+01
3.579036363636363660e+01
4.242154545454545200e+01
3.130700000000000571e+01
2.584136363636364209e+01
4.225054545454545973e+01
4.354045454545453708e+01
9.361863636363635166e+00
1.886709090909090847e+01
1.869563636363636405e+01
2.647427272727272651e+01
3.726245454545453839e+01
3.829309090909090685e+01
2.609163636363635774e+01
3.114081818181817951e+01
2.630172727272726974e+01
2.599409090909091447e+01
2.263218181818182018e+01
2.725954545454544942e+01
2.271981818181818369e+01
9.895799999999999486e+00
3.275227272727273231e+01
3.070463636363636084e+01
3.704618181818182165e+01
1.238458181818182169e+01
1.658118181818181824e+01
4.274327272727271776e+01
4.264027272727273044e+01
1.796172727272727698e+01
2.951772727272727082e+01
5.421400000000000574e+01
1.990327272727273211e+01
1.082041818181818194e+01
3.145209090909090577e+01
3.507527272727271850e+01
1.332515454545454681e+01
2.411699999999999733e+01
2.597354545454545516e+01
1.784472727272727255e+01
2.464718181818182074e+01
5.409427272727273106e+01
1.056619090909090986e+01
2.594918181818182035e+01
1.940299999999999869e+01
2.403445454545454751e+01
2.668463636363636482e+01
3.240772727272727138e+01
2.724290909090909452e+01
4.209236363636363620e+01
3.323145454545453958e+01
1.916799999999999926e+01
2.394872727272727531e+01
3.453418181818181409e+01
1.680236363636363706e+01
4.208218181818181591e+01
5.000781818181818039e+01
2.661818181818182083e+01
5.445981818181817857e+01
4.108390909090908849e+01
2.529163636363636769e+01
2.588299999999999557e+01
2.476863636363636090e+01
3.637354545454545729e+01
3.151127272727272555e+01
3.476099999999999568e+01
5.401863636363635379e+01
2.622809090909090912e+01
2.244827272727272671e+01
3.269663636363636527e+01
1.985554545454545305e+01
5.431172727272728196e+01
2.305218181818181833e+01
1.153779090909090854e+01
1.065562727272727095e+01
2.387881818181817906e+01
1.862190909090909230e+01
1.167068181818181749e+01
5.383427272727272594e+01
3.175245454545454393e+01
1.916990909090909057e+01
3.300190909090908775e+01
3.138527272727272788e+01
5.392254545454544967e+01
3.254836363636363217e+01
2.265690909090909244e+01
1.883245454545454933e+01
1.721254545454545593e+01
1.648518181818181816e+01
2.608899999999999864e+01
2.487663636363636499e+01
3.307172727272727286e+01
3.991136363636363171e+01
3.210518181818181915e+01
2.797500000000000142e+01
3.083609090909090966e+01
1.964609090909091194e+01
2.987436363636363978e+01
2.344154545454545158e+01
2.680745454545454720e+01
2.700245454545454393e+01
5.446936363636363865e+01
5.403300000000000836e+01
2.566027272727272646e+01
1.358537272727272871e+01
1.756072727272727718e+01
2.498609090909090824e+01
3.497872727272726934e+01
3.387736363636363990e+01
4.177363636363636346e+01
3.165190909090908988e+01
3.313572727272727292e+01
3.105209090909090719e+01
2.032363636363636061e+01
1.157871818181818213e+01
3.089227272727273288e+01
2.726609090909090938e+01
3.234600000000000364e+01
4.101818181818181586e+01
3.074318181818182083e+01
1.792045454545454675e+01
1.721490909090909227e+01
1.687188181818181931e+01
2.643690909090909003e+01
2.335018181818182015e+01
3.917209090909091174e+01
4.015718181818181165e+01
3.301572727272726837e+01
3.011918181818181495e+01
2.472699999999999676e+01
3.068845454545454388e+01
1.015184545454545528e+01
1.923416363636363613e+01
2.358563636363636462e+01
4.178645454545454641e+01
4.126063636363635823e+01
2.649199999999999733e+01
2.509381818181818602e+01
2.494345454545454288e+01
2.597109090909091123e+01
5.426027272727272077e+01
2.703390909090909133e+01
2.799790909090908997e+01
3.086309090909091069e+01
1.915263636363636479e+01
3.434509090909090645e+01
3.004772727272727550e+01
3.247163636363636385e+01
9.677063636363635979e+00
3.420599999999999596e+01
4.241672727272727172e+01
3.204709090909090463e+01
4.062136363636363967e+01
2.545945454545454822e+01
1.299485454545454743e+01
1.523566363636363619e+01
3.199236363636363478e+01
5.415518181818181631e+01
4.195745454545453867e+01
1.023257272727272671e+01
3.411463636363635743e+01
2.286372727272727445e+01
2.545318181818181813e+01
1.100543636363636324e+01
2.713418181818181907e+01
1.568020909090908965e+01
1.685272727272727167e+01
1.730690909090908747e+01
5.457309090909090799e+01
3.014490909090909199e+01
2.693400000000000105e+01
5.426999999999998892e+01
3.170427272727272694e+01
5.436354545454545928e+01
1.831727272727272648e+01
1.692163636363636314e+01
1.782336363636363430e+01
3.846445454545455078e+01
2.955045454545454220e+01
4.131172727272728196e+01
4.036063636363635965e+01
3.040145454545455195e+01
1.821272727272727110e+01
2.617990909090909568e+01
3.146554545454545959e+01
3.130454545454545112e+01
4.241472727272727639e+01
2.313372727272727403e+01
1.722999999999999687e+01
4.013827272727272799e+01
3.075718181818182018e+01
3.196209090909090733e+01
2.477881818181818119e+01
2.635154545454545527e+01
3.202509090909090617e+01
2.953727272727272535e+01
3.060290909090909750e+01
1.710490909090908929e+01
3.032627272727272683e+01
3.911518181818182427e+01
1.844490909090908914e+01
4.057172727272727997e+01
3.151554545454545320e+01
1.875227272727273231e+01
1.819881818181817934e+01
3.319718181818182501e+01
1.832845454545454444e+01
4.268581818181817766e+01
2.571809090909090756e+01
3.911209090909091657e+01
3.125281818181818849e+01
3.239718181818182074e+01
3.263381818181817806e+01
2.382490909090909170e+01
4.225318181818181529e+01
3.173300000000000409e+01
3.106436363636363396e+01
4.339445454545454339e+01
2.652700000000000102e+01
1.738881818181818062e+01
3.090672727272727016e+01
1.214048181818181860e+01
2.543663636363636371e+01
3.166009090909091128e+01
3.122990909090908929e+01
2.847563636363636164e+01
4.240518181818181631e+01
3.255381818181818687e+01
3.267245454545454209e+01
4.147236363636363876e+01
1.665181818181818230e+01
1.796999999999999531e+01
3.207581818181818534e+01
3.036009090909091057e+01
2.583518181818181958e+01
2.574781818181818593e+01
2.710936363636363566e+01
1.520318181818181991e+01
4.056390909090908536e+01
3.986190909090908718e+01
3.004481818181818298e+01
3.230918181818181978e+01
1.120943636363636564e+01
8.740172727272724984e+00
4.646681818181818358e+01
3.179272727272726939e+01
2.550945454545454893e+01
3.174345454545454359e+01
1.049338181818181859e+01
1.706700000000000017e+01
4.056790909090909025e+01
4.317799999999999727e+01
4.012336363636364212e+01
2.648036363636363433e+01
3.298563636363635965e+01
2.375163636363636144e+01
2.645654545454544859e+01
1.859309090909090756e+01
2.014127272727272810e+01
4.246454545454544416e+01
3.306836363636363529e+01
2.599363636363636587e+01
4.963545454545454305e+01
4.424472727272727468e+01
1.607518181818182157e+01
1.690536363636363504e+01
1.064910909090909108e+01
1.739309090909091182e+01
4.977509090909091327e+01
3.070027272727272560e+01
2.575727272727272421e+01
3.606145454545454498e+01
2.628500000000000014e+01
2.647436363636363765e+01
4.194100000000000250e+01
2.616463636363636525e+01
2.619927272727272793e+01
2.551163636363636300e+01
2.648854545454545217e+01
3.291336363636364126e+01
2.277727272727272734e+01
2.641681818181818642e+01
2.065427272727272623e+01
3.084909090909090779e+01
2.168227272727272847e+01
2.994972727272727298e+01
2.379863636363636203e+01
1.621654545454545726e+01
1.897554545454545760e+01
2.866800000000000281e+01
2.583063636363636917e+01
1.994409090909090665e+01
2.250700000000000145e+01
1.749718181818181861e+01
2.455763636363636593e+01
3.881345454545454743e+01
9.272299999999999542e+00
2.615445454545454496e+01
1.825118181818181995e+01
2.492063636363636547e+01
3.362554545454545263e+01
3.170518181818181702e+01
4.251509090909090816e+01
2.419499999999999673e+01
2.463645454545454783e+01
4.287872727272727502e+01
3.059736363636363876e+01
4.149863636363636488e+01
1.926554545454545320e+01
2.970327272727272572e+01
4.308045454545454334e+01
4.134054545454545604e+01
3.241390909090909389e+01
2.232609090909090810e+01
3.170472727272727198e+01
2.461009090909091057e+01
2.611909090909091091e+01
1.635609090909090568e+01
3.405909090909090509e+01
5.407300000000000040e+01
5.437181818181817761e+01
3.328199999999998937e+01
3.693218181818181733e+01
1.695009090909090688e+01
1.952109090909091194e+01
4.058145454545455522e+01
3.119945454545454311e+01
2.004209090909091273e+01
3.313081818181817795e+01
1.698109090909090924e+01
3.937745454545454749e+01
4.052254545454545820e+01
2.435918181818181338e+01
1.756390909090909247e+01
9.652572727272726638e+00
4.227581818181818818e+01
2.687509090909090759e+01
3.152018181818181475e+01
2.753854545454545288e+01
9.718618181818181156e+00
3.038045454545454405e+01
4.905463636363637647e+01
9.897718181818181193e+00
3.152154545454545698e+01
2.645236363636363564e+01
3.096227272727272961e+01
4.131627272727271816e+01
1.721490909090909227e+01
4.223145454545453958e+01
3.273309090909091168e+01
1.947709090909091145e+01
4.016990909090908701e+01
3.358772727272727820e+01
3.053363636363636502e+01
1.808999999999999986e+01
3.010500000000000398e+01
2.571981818181818369e+01
2.533681818181818102e+01
1.124416363636363769e+01
1.768054545454545234e+01
1.565545454545454795e+01
2.238854545454545431e+01
3.223554545454545206e+01
2.623854545454545217e+01
1.791290909090909267e+01
3.246754545454545138e+01
1.881427272727272637e+01
3.420600000000000307e+01
5.419718181818181790e+01
3.038654545454545186e+01
4.123845454545455169e+01
2.532999999999999829e+01
3.626354545454545786e+01
2.619127272727272526e+01
2.525872727272727403e+01
1.403656363636363835e+01
3.087090909090909463e+01
1.808790909090909338e+01
2.476799999999999713e+01
1.275839090909090778e+01
4.235681818181819125e+01
2.320318181818181813e+01
2.656318181818181756e+01
1.981045454545454376e+01
1.885709090909091046e+01
3.396281818181818579e+01
2.107272727272727408e+01
1.153867272727272741e+01
1.899509090909090503e+01
3.046809090909090756e+01
2.671018181818181958e+01
3.922909090909090679e+01
4.178381818181817664e+01
2.666263636363636280e+01
1.555327272727272891e+01
1.801445454545454439e+01
2.696136363636363598e+01
2.743772727272727607e+01
1.813845454545454317e+01
1.831427272727272992e+01
3.130454545454545112e+01
3.023854545454545573e+01
3.241718181818181677e+01
1.587845454545454693e+01
1.263836363636363558e+01
4.296045454545455300e+01
3.952990909090909355e+01
2.753690909090909145e+01
2.400581818181818505e+01
3.308363636363636573e+01
3.045472727272727198e+01
3.285263636363635698e+01
2.973763636363636564e+01
2.083618181818182080e+01
3.836427272727271998e+01
5.445027272727273271e+01
2.661127272727272697e+01
2.542263636363636436e+01
1.990590909090909122e+01
3.093390909090909346e+01
3.541063636363637102e+01
1.525827272727272721e+01
2.445918181818181836e+01
1.236342727272727160e+01
1.494261818181818136e+01
1.203719090909090639e+01
3.315227272727273089e+01
2.592981818181818099e+01
2.639472727272727681e+01
1.060571818181818138e+01
5.406745454545455232e+01
3.298281818181818181e+01
4.156500000000000483e+01
2.384209090909091344e+01
3.122618181818182492e+01
3.053081818181818008e+01
2.987336363636363856e+01
2.170563636363636206e+01
4.461927272727272964e+01
3.220999999999999375e+01
2.451918181818182063e+01
3.102627272727272612e+01
1.524445454545454659e+01
2.377427272727272722e+01
1.855527272727272603e+01
3.152972727272726772e+01
4.220681818181817846e+01
2.618172727272727585e+01
2.333309090909091310e+01
2.674090909090908852e+01
2.901981818181818440e+01
2.013509090909090915e+01
3.461045454545455158e+01
2.298172727272726945e+01
2.564490909090909199e+01
2.548545454545454447e+01
2.524036363636363589e+01
2.936409090909090835e+01
2.695927272727272950e+01
3.048154545454545072e+01
2.392127272727272924e+01
2.745709090909090477e+01
1.741663636363636414e+01
9.663999999999999702e+00
2.640227272727272378e+01
4.087118181818181739e+01
3.107109090909090909e+01
2.696536363636363376e+01
3.065600000000000236e+01
3.106763636363636039e+01
1.330825454545454356e+01
1.790536363636363504e+01
3.407890909090909304e+01
2.482709090909090932e+01
4.139190909090909543e+01
1.763763636363636422e+01
3.195863636363636573e+01
4.956599999999998829e+01
4.892000000000000171e+01
7.170427272727271983e+00
1.839709090909090961e+01
1.473254545454545372e+01
5.061463636363635743e+01
4.045763636363636095e+01
1.303970000000000340e+01
3.504727272727272691e+01
2.476572727272727903e+01
3.076736363636363336e+01
2.147281818181818380e+01
2.303409090909091006e+01
3.818054545454545234e+01
3.034090909090908994e+01
4.361699999999999733e+01
1.504966363636363980e+01
1.729009090909090673e+01
2.472872727272727289e+01
4.015418181818181864e+01
2.294163636363636272e+01
3.314654545454545342e+01
2.344872727272727175e+01
3.062927272727273120e+01
1.792263636363636081e+01
4.143581818181817766e+01
2.603399999999999537e+01
1.624290909090909096e+01
4.273863636363636687e+01
1.181318181818181934e+01
2.665390909090908877e+01
2.555590909090908625e+01
9.827263636363635868e+00
2.372618181818181782e+01
2.490354545454545487e+01
1.954654545454545556e+01
3.194745454545454777e+01
1.718681818181818244e+01
2.625054545454545263e+01
4.786645454545455181e+01
1.659627272727272640e+01
4.133299999999999841e+01
1.488513636363636472e+01
1.663609090909091037e+01
1.640418181818181864e+01
2.265490909090909000e+01
4.255218181818181478e+01
2.731272727272727252e+01
3.328272727272727138e+01
3.166618181818181199e+01
2.562272727272727479e+01
1.024546363636363644e+01
2.589727272727272833e+01
3.937681818181818727e+01
4.136727272727273430e+01
4.140227272727273089e+01
4.114045454545455272e+01
4.362854545454545985e+01
3.052999999999999758e+01
1.229160909090908937e+01
3.219781818181817812e+01
3.103463636363636624e+01
4.230354545454545701e+01
3.153418181818182120e+01
1.698318181818181927e+01
3.047763636363636408e+01
3.868354545454546667e+01
2.492390909090909190e+01
2.760263636363636408e+01
1.658772727272727110e+01
3.232727272727272094e+01
3.211381818181818204e+01
2.495490909090909426e+01
1.781981818181818511e+01
2.530127272727272469e+01
3.371072727272726866e+01
4.474163636363636698e+01
1.120941818181818128e+01
3.896500000000000341e+01
9.739800000000000679e+00
4.670472727272726843e+01
3.045118181818181569e+01
4.277281818181818096e+01
5.403845454545455596e+01
